0 8 11.8296 0 0.928925
0 8 15.0393 4.74622 0.725368
0 8 16.3448 10.7802 1.03622
0 -8 11.8296 0 -0.928925
0 -8 15.0393 -4.74622 -0.725368
0 -8 16.3448 -10.7802 -1.03622
11.8296 0 15.0393 4.74622 -0.628204
15.0393 4.74622 16.3448 10.7802 -0.385851
11.8296 0 15.0393 -4.74622 0.628204
15.0393 -4.74622 16.3448 -10.7802 0.385851
22.0576 0 27.6882 8.32607 -0.358104
22.0576 0 27.6882 -8.32607 0.358104
15.0393 -4.74622 22.0576 0 -0.529528
16.3448 10.7802 27.6882 8.32607 0.961705
15.0393 4.74622 22.0576 0 0.529528
16.3448 -10.7802 27.6882 -8.32607 -0.961705
27.6882 -8.32607 40 0 -0.892546
27.6882 8.32607 40 0 0.892546
0 8 -2.5 0.5
0 -8 2.5 0.5
