0 8 10.6003 0 0.695383
0 8 12.8817 3.02292 0.584029
0 8 14.301 6.69643 0.485121
0 8 14.6728 10.7747 0.933301
0 -8 10.6003 0 -0.695383
0 -8 12.8817 -3.02292 -0.584029
0 -8 14.301 -6.69643 -0.485121
0 -8 14.6728 -10.7747 -0.933301
10.6003 0 12.8817 3.02292 -0.524802
12.8817 3.02292 14.301 6.69643 -0.379175
14.301 6.69643 14.6728 10.7747 -0.255948
10.6003 0 12.8817 -3.02292 0.524802
12.8817 -3.02292 14.301 -6.69643 0.379175
14.301 -6.69643 14.6728 -10.7747 0.255948
16.8872 0 20.2162 4.41101 -0.345388
20.2162 4.41101 22.4027 10.0701 -0.246135
16.8872 0 20.2162 -4.41101 0.345388
20.2162 -4.41101 22.4027 -10.0701 0.246135
26.0609 -0 31.1191 6.70233 -0.236699
26.0609 -0 31.1191 -6.70233 0.236699
12.8817 -3.02292 16.8872 0 -0.457654
14.6728 10.7747 22.4027 10.0701 0.89752
14.301 6.69643 20.2162 4.41101 0.396331
12.8817 3.02292 16.8872 0 0.457654
14.301 -6.69643 20.2162 -4.41101 -0.396331
14.6728 -10.7747 22.4027 -10.0701 -0.89752
20.2162 -4.41101 26.0609 -0 -0.313636
22.4027 10.0701 31.1191 6.70233 0.86311
20.2162 4.41101 26.0609 -0 0.313636
22.4027 -10.0701 31.1191 -6.70233 -0.86311
31.1191 -6.70233 40 -0 -0.83002
31.1191 6.70233 40 -0 0.83002
0 8 -2.5 0.5
0 -8 2.5 0.5
