0 8 9.9644 0 0.554251
0 8 11.7352 2.20559 0.484473
0 8 13.0177 4.80312 0.420753
0 8 13.7254 7.68455 0.362686
0 8 13.7952 10.7226 0.878831
0 -8 9.9644 0 -0.554251
0 -8 11.7352 -2.20559 -0.484473
0 -8 13.0177 -4.80312 -0.420753
0 -8 13.7254 -7.68455 -0.362686
0 -8 13.7952 -10.7226 -0.878831
9.9644 0 11.7352 2.20559 -0.444985
11.7352 2.20559 13.0177 4.80312 -0.348519
13.0177 4.80312 13.7254 7.68455 -0.263823
13.7254 7.68455 13.7952 10.7226 -0.189929
9.9644 0 11.7352 -2.20559 0.444985
11.7352 -2.20559 13.0177 -4.80312 0.348519
13.0177 -4.80312 13.7254 -7.68455 0.263823
13.7254 -7.68455 13.7952 -10.7226 0.189929
14.4823 -0 16.8281 2.92172 -0.319299
16.8281 2.92172 18.5899 6.48993 -0.248717
18.5899 6.48993 19.5966 10.5893 -0.18544
14.4823 -0 16.8281 -2.92172 0.319299
16.8281 -2.92172 18.5899 -6.48993 0.248717
18.5899 -6.48993 19.5966 -10.5893 0.18544
20.4672 0 23.6656 3.98374 -0.234178
23.6656 3.98374 26.1344 8.98375 -0.181058
20.4672 0 23.6656 -3.98374 0.234178
23.6656 -3.98374 26.1344 -8.98375 0.181058
28.6275 -0 33.0849 5.55185 -0.176779
28.6275 -0 33.0849 -5.55185 0.176779
11.7352 -2.20559 14.4823 -0 -0.397704
13.7952 10.7226 19.5966 10.5893 0.858062
13.7254 7.68455 18.5899 6.48993 0.313069
13.0177 4.80312 16.8281 2.92172 0.353793
11.7352 2.20559 14.4823 -0 0.397704
13.0177 -4.80312 16.8281 -2.92172 -0.353793
13.7254 -7.68455 18.5899 -6.48993 -0.313069
13.7952 -10.7226 19.5966 -10.5893 -0.858062
16.8281 -2.92172 20.4672 0 -0.291681
19.5966 10.5893 26.1344 8.98375 0.837784
18.5899 6.48993 23.6656 3.98374 0.265594
16.8281 2.92172 20.4672 0 0.291681
18.5899 -6.48993 23.6656 -3.98374 -0.265594
19.5966 -10.5893 26.1344 -8.98375 -0.837784
23.6656 -3.98374 28.6275 -0 -0.220188
26.1344 8.98375 33.0849 5.55185 0.817985
23.6656 3.98374 28.6275 -0 0.220188
26.1344 -8.98375 33.0849 -5.55185 -0.817985
33.0849 -5.55185 40 -0 -0.798655
33.0849 5.55185 40 -0 0.798655
0 8 -2.5 0.5
0 -8 2.5 0.5
