0 2 3.38323 0 4.92306
0 2 4.4837 1.86157 3.1926
0 2 4.55987 4.32865 1.96649
0 2 3.27857 6.83764 1.46099
0 -2 3.38323 0 -4.92306
0 -2 4.4837 -1.86157 -3.1926
0 -2 4.55987 -4.32865 -1.96649
0 -2 3.27857 -6.83764 -1.46099
3.38323 0 4.4837 1.86157 -2.91027
4.4837 1.86157 4.55987 4.32865 -1.56506
4.55987 4.32865 3.27857 6.83764 -0.704307
3.38323 0 4.4837 -1.86157 2.91027
4.4837 -1.86157 4.55987 -4.32865 1.56506
4.55987 -4.32865 3.27857 -6.83764 0.704307
7.63276 0 10.0907 4.15789 -1.20752
10.0907 4.15789 10.2839 10.4151 -0.617064
7.63276 0 10.0907 -4.15789 1.20752
10.0907 -4.15789 10.2839 -10.4151 0.617064
17.1243 -0 23.0482 10.0211 -0.540628
17.1243 -0 23.0482 -10.0211 0.540628
4.4837 -1.86157 7.63276 0 -2.04265
3.27857 6.83764 10.2839 10.4151 1.28002
4.55987 4.32865 10.0907 4.15789 1.38337
4.4837 1.86157 7.63276 0 2.04265
4.55987 -4.32865 10.0907 -4.15789 -1.38337
3.27857 -6.83764 10.2839 -10.4151 -1.28002
10.0907 -4.15789 17.1243 -0 -0.914536
10.2839 10.4151 23.0482 10.0211 1.12146
10.0907 4.15789 17.1243 -0 0.914536
10.2839 -10.4151 23.0482 -10.0211 -1.12146
23.0482 -10.0211 40 0 -0.982544
23.0482 10.0211 40 0 0.982544
0 2 -10 0.5
0 -2 10 0.5
