0 2 4.14077 0 6.1834
0 2 5.72815 3.28649 3.33638
0 2 4.70707 7.83287 1.87382
0 -2 4.14077 0 -6.1834
0 -2 5.72815 -3.28649 -3.33638
0 -2 4.70707 -7.83287 -1.87382
4.14077 0 5.72815 3.28649 -2.98659
5.72815 3.28649 4.70707 7.83287 -1.16491
4.14077 0 5.72815 -3.28649 2.98659
5.72815 -3.28649 4.70707 -7.83287 1.16491
12.5324 0 17.7282 10.7573 -0.912442
12.5324 0 17.7282 -10.7573 0.912442
5.72815 -3.28649 12.5324 0 -1.8891
4.70707 7.83287 17.7282 10.7573 1.46771
5.72815 3.28649 12.5324 0 1.8891
4.70707 -7.83287 17.7282 -10.7573 -1.46771
17.7282 -10.7573 40 0 -1.14962
17.7282 10.7573 40 0 1.14962
0 2 -10 0.5
0 -2 10 0.5
