0 2 3.01643 0 4.05894
0 2 3.86161 1.27472 2.9111
0 2 4.16811 2.9066 2.02792
0 2 3.78499 4.668 1.35811
0 2 2.65752 6.2675 1.25683
0 -2 3.01643 0 -4.05894
0 -2 3.86161 -1.27472 -2.9111
0 -2 4.16811 -2.9066 -2.02792
0 -2 3.78499 -4.668 -1.35811
0 -2 2.65752 -6.2675 -1.25683
3.01643 0 3.86161 1.27472 -2.69122
3.86161 1.27472 4.16811 2.9066 -1.69145
4.16811 2.9066 3.78499 4.668 -0.979304
3.78499 4.668 2.65752 6.2675 -0.489234
3.01643 0 3.86161 -1.27472 2.69122
3.86161 -1.27472 4.16811 -2.9066 1.69145
4.16811 -2.9066 3.78499 -4.668 0.979304
3.78499 -4.668 2.65752 -6.2675 0.489234
5.78416 0 7.31896 2.31481 -1.34137
7.31896 2.31481 7.93027 5.56963 -0.827933
7.93027 5.56963 7.09772 9.39735 -0.450647
5.78416 0 7.31896 -2.31481 1.34137
7.31896 -2.31481 7.93027 -5.56963 0.827933
7.93027 -5.56963 7.09772 -9.39735 0.450647
10.8102 -0 13.7752 4.47185 -0.694349
13.7752 4.47185 15.0241 11.1214 -0.415104
10.8102 -0 13.7752 -4.47185 0.694349
13.7752 -4.47185 15.0241 -11.1214 0.415104
20.5197 0 26.4684 8.97193 -0.382363
20.5197 0 26.4684 -8.97193 0.382363
3.86161 -1.27472 5.78416 0 -2.02308
2.65752 6.2675 7.09772 9.39735 1.1577
3.78499 4.668 7.93027 5.56963 1.06055
4.16811 2.9066 7.31896 2.31481 1.48677
3.86161 1.27472 5.78416 0 2.02308
4.16811 -2.9066 7.31896 -2.31481 -1.48677
3.78499 -4.668 7.93027 -5.56963 -1.06055
2.65752 -6.2675 7.09772 -9.39735 -1.1577
7.31896 -2.31481 10.8102 -0 -1.04723
7.09772 9.39735 15.0241 11.1214 1.06639
7.93027 5.56963 13.7752 4.47185 0.801485
7.31896 2.31481 10.8102 -0 1.04723
7.93027 -5.56963 13.7752 -4.47185 -0.801485
7.09772 -9.39735 15.0241 -11.1214 -1.06639
13.7752 -4.47185 20.5197 0 -0.576687
15.0241 11.1214 26.4684 8.97193 0.982283
13.7752 4.47185 20.5197 0 0.576687
15.0241 -11.1214 26.4684 -8.97193 -0.982283
26.4684 -8.97193 40 -0 -0.904809
26.4684 8.97193 40 -0 0.904809
0 2 -10 0.5
0 -2 10 0.5
