0 4 5.49427 0 1.58225
0 4 6.78535 1.77338 1.25341
0 4 7.50403 3.96348 0.976556
0 4 7.51582 6.38554 0.745048
0 4 6.74584 8.81141 1.03574
0 -4 5.49427 0 -1.58225
0 -4 6.78535 -1.77338 -1.25341
0 -4 7.50403 -3.96348 -0.976556
0 -4 7.51582 -6.38554 -0.745048
0 -4 6.74584 -8.81141 -1.03574
5.49427 0 6.78535 1.77338 -1.15192
6.78535 1.77338 7.50403 3.96348 -0.805878
7.50403 3.96348 7.51582 6.38554 -0.531615
7.51582 6.38554 6.74584 8.81141 -0.318142
5.49427 0 6.78535 -1.77338 1.15192
6.78535 -1.77338 7.50403 -3.96348 0.805878
7.50403 -3.96348 7.51582 -6.38554 0.531615
7.51582 -6.38554 6.74584 -8.81141 0.318142
9.2212 0 11.2192 2.74435 -0.688195
11.2192 2.74435 12.4062 6.36174 -0.475897
12.4062 6.36174 12.4269 10.6146 -0.302762
9.2212 0 11.2192 -2.74435 0.688195
11.2192 -2.74435 12.4062 -6.36174 0.475897
12.4062 -6.36174 12.4269 -10.6146 0.302762
14.9887 0 18.2291 4.45094 -0.424325
18.2291 4.45094 20.2393 10.5766 -0.288125
14.9887 0 18.2291 -4.45094 0.424325
18.2291 -4.45094 20.2393 -10.5766 0.288125
24.3428 -0 29.7667 7.45013 -0.274196
24.3428 -0 29.7667 -7.45013 0.274196
6.78535 -1.77338 9.2212 0 -0.945283
6.74584 8.81141 12.4269 10.6146 0.985666
7.51582 6.38554 12.4062 6.36174 0.611308
7.50403 3.96348 11.2192 2.74435 0.766052
6.78535 1.77338 9.2212 0 0.945283
7.50403 -3.96348 11.2192 -2.74435 -0.766052
7.51582 -6.38554 12.4062 -6.36174 -0.611308
6.74584 -8.81141 12.4269 -10.6146 -0.985666
11.2192 -2.74435 14.9887 0 -0.58284
12.4269 10.6146 20.2393 10.5766 0.938015
12.4062 6.36174 18.2291 4.45094 0.488757
11.2192 2.74435 14.9887 0 0.58284
12.4062 -6.36174 18.2291 -4.45094 -0.488757
12.4269 -10.6146 20.2393 -10.5766 -0.938015
18.2291 -4.45094 24.3428 -0 -0.376627
20.2393 10.5766 29.7667 7.45013 0.892668
18.2291 4.45094 24.3428 -0 0.376627
20.2393 -10.5766 29.7667 -7.45013 -0.892668
29.7667 -7.45013 40 0 -0.849513
29.7667 7.45013 40 0 0.849513
0 4 -5 0.5
0 -4 5 0.5
