0 4 6.00568 0 1.9519
0 4 7.67645 2.50853 1.44142
0 4 8.29943 5.71492 1.03399
0 4 7.58312 9.18153 1.14804
0 -4 6.00568 0 -1.9519
0 -4 7.67645 -2.50853 -1.44142
0 -4 8.29943 -5.71492 -1.03399
0 -4 7.58312 -9.18153 -1.14804
6.00568 0 7.67645 2.50853 -1.30004
7.67645 2.50853 8.29943 5.71492 -0.806816
8.29943 5.71492 7.58312 9.18153 -0.44248
6.00568 0 7.67645 -2.50853 1.30004
7.67645 -2.50853 8.29943 -5.71492 0.806816
8.29943 -5.71492 7.58312 -9.18153 0.44248
11.4428 0 14.4529 4.51936 -0.678752
14.4529 4.51936 15.6839 10.8554 -0.408294
11.4428 0 14.4529 -4.51936 0.678752
14.4529 -4.51936 15.6839 -10.8554 0.408294
21.2383 0 27.0036 8.65608 -0.37675
21.2383 0 27.0036 -8.65608 0.37675
7.67645 -2.50853 11.4428 0 -1.01909
7.58312 9.18153 15.6839 10.8554 1.05934
8.29943 5.71492 14.4529 4.51936 0.783563
7.67645 2.50853 11.4428 0 1.01909
8.29943 -5.71492 14.4529 -4.51936 -0.783563
7.58312 -9.18153 15.6839 -10.8554 -1.05934
14.4529 -4.51936 21.2383 0 -0.56566
15.6839 10.8554 27.0036 8.65608 0.9775
14.4529 4.51936 21.2383 0 0.56566
15.6839 -10.8554 27.0036 -8.65608 -0.9775
27.0036 -8.65608 40 0 -0.901979
27.0036 8.65608 40 0 0.901979
0 4 -5 0.5
0 -4 5 0.5
