0 4 7.02781 0 2.52725
0 4 9.40339 4.17377 1.64135
0 4 9.30019 9.75838 1.36732
0 -4 7.02781 0 -2.52725
0 -4 9.40339 -4.17377 -1.64135
0 -4 9.30019 -9.75838 -1.36732
7.02781 0 9.40339 4.17377 -1.43843
9.40339 4.17377 9.30019 9.75838 -0.698195
7.02781 0 9.40339 -4.17377 1.43843
9.40339 -4.17377 9.30019 -9.75838 0.698195
16.7365 0 22.4287 10.001 -0.600308
16.7365 0 22.4287 -10.001 0.600308
9.40339 -4.17377 16.7365 0 -1.05471
9.30019 9.75838 22.4287 10.001 1.17562
9.40339 4.17377 16.7365 0 1.05471
9.30019 -9.75838 22.4287 -10.001 -1.17562
22.4287 -10.001 40 0 -1.0108
22.4287 10.001 40 0 1.0108
0 4 -5 0.5
0 -4 5 0.5
